GNSS_DATA/2020/001/products/igs_ion/igsg0010.20i
     1.0            IONOSPHERE MAPS     MIX                 IONEX VERSION / TYPE
cmpcmb v1.2          GRL/UWM            16-jan-20 13:02     PGM / RUN BY / DATE 
ionex file containing IGS COMBINED Ionosphere maps          COMMENT             
global ionosphere maps for day 001, 2020                    DESCRIPTION         
IONEX file containing the COMBINED IGS TEC MAPS and DCBs    DESCRIPTION         
      IONEX files of the following IAACs were combined: cod DESCRIPTION         
                                                        esa DESCRIPTION         
                                                        jpl DESCRIPTION         
                                                        upc DESCRIPTION         
Contact address: Andrzej Krankowski                         DESCRIPTION
                 Geodynamics Research Laboratory            DESCRIPTION
                 University of Warmia and Mazury (GRL/UWM)  DESCRIPTION
                 Oczapowski St. 1                           DESCRIPTION
                 10-957-Olsztyn, POLAND                     DESCRIPTION
                 e-mail:  kand@uwm.edu.pl                   DESCRIPTION
                                                            DESCRIPTION         
  2020     1     1     0     0     0                        EPOCH OF FIRST MAP  
  2020     1     2     0     0     0                        EPOCH OF LAST MAP   
  7200                                                      INTERVAL            
    13                                                      # OF MAPS IN FILE   
  COSZ                                                      MAPPING FUNCTION    
     0.0                                                    ELEVATION CUTOFF    
combined TEC calculated as weighted mean of input TEC valuesOBSERVABLES USED    
   392                                                      # OF STATIONS       
    32                                                      # OF SATELLITES     
  6371.0                                                    BASE RADIUS         
     2                                                      MAP DIMENSION       
   450.0 450.0   0.0                                        HGT1 / HGT2 / DHGT  
    87.5 -87.5  -2.5                                        LAT1 / LAT2 / DLAT  
  -180.0 180.0   5.0                                        LON1 / LON2 / DLON  
    -1                                                      EXPONENT            
TEC values in 0.1 tec units;  9999, if no value available   COMMENT             
DCB values in nanoseconds, reference is Sum_of_SatDCBs = 0  COMMENT             
                                                            END OF HEADER       
[from data line 1287]
     4                                                      START OF TEC MAP    
  2020     1     1     6     0     0                        EPOCH OF CURRENT MAP
    87.5-180.0 180.0   5.0 450.0                            LAT/LON1/LON2/DLON/H
   20   21   21   21   21   20   20   20   20   20   20   19   19   19   19   19
   18   18   18   18   17   17   17   17   17   16   16   16   16   16   16   16
   16   16   17   17   17   17   17   17   17   17   17   17   17   18   17   17
   17   17   18   18   18   18   18   18   18   19   19   19   19   19   19   20
   20   20   20   20   20   20   21   21   20
    85.0-180.0 180.0   5.0 450.0                            LAT/LON1/LON2/DLON/H
   20   20   21   21   21   21   21   21   21   20   20   19   19   18   17   17
   16   15   15   14   14   13   13   12   12   12   12   12   13   13   13   14
   14   15   15   15   15   16   16   16   16   16   16   16   16   16   16   16
   16   15   15   15   16   16   15   15   16   16   16   16   16   17   17   17
   17   17   18   18   19   19   19   20   20
    82.5-180.0 180.0   5.0 450.0                            LAT/LON1/LON2/DLON/H
   17   18   19   19   20   21   21   21   20   20   19   18   17   17   15   14
   13   12   11   10    9    9    8    8    8    8    8    8    8    9   10   11
   12   12   13   14   14   15   15   16   16   15   15   14   14   14   13   13
   13   13   13   13   13   12   12   12   12   12   13   13   13   13   13   13
   13   13   14   15   15   15   16   16   17
    80.0-180.0 180.0   5.0 450.0                            LAT/LON1/LON2/DLON/H
   13   15   16   17   18   19   19   20   20   20   19   18   17   15   13   12
   10    9    8    7    7    7    6    5    6    6    6    6    7    7    8    9
   10   11   12   13   13   14   14   14   14   13   13   12   12   11   11   11
   11   11   11   11   11   11   11   10   10   10   10   10   10   10   10   10
   10   10   10   10   10   11   12   12   13
    77.5-180.0 180.0   5.0 450.0                            LAT/LON1/LON2/DLON/H
    9   11   13   14   15   16   17   18   19   18   18   17   16   14   12   10
    8    7    6    5    4    4    4    4    4    5    5    6    7    8    9    9
   10   11   11   12   13   13   12   12   12   11   11   10   10   10    9   10
   10   10   10   11   11   11   11   11   11   11   11   11   11   10   10   10
    9    9    9    8    8    8    8    9    9
    75.0-180.0 180.0   5.0 450.0                            LAT/LON1/LON2/DLON/H
    8    8    9   11   12   14   15   16   17   17   17   16   15   13   11    9
    8    6    5    5    4    4    4    5    5    5    6    7    8    8    9   10
   11   12   12   12   11   11   11   10   10   10    9    9    9    9    9   10
   10   11   12   13   14   15   15   15   15   15   15   14   14   13   12   11
   11   10    9    8    8    8    8    8    8
    72.5-180.0 180.0   5.0 450.0                            LAT/LON1/LON2/DLON/H
    8    8    8    9   10   11   12   14   15   15   15   14   13   12   10    9
    8    6    6    5    5    5    5    5    6    6    8    8    9   10   11   10
   11   11   11   11   11   10   10    9    9    9    8    8    9    9   10   12
   13   15   17   19   20   21   22   22   22   21   21   20   19   18   17   16
   14   12   11   10    9    9    9    8    8
    70.0-180.0 180.0   5.0 450.0                            LAT/LON1/LON2/DLON/H
    9    9    8    9    9   10   11   12   13   13   13   13   12   11   10    9
    7    6    6    6    5    6    7    7    8    9   10   11   11   11   12   13
   11   11   10    9    9    9    9    8    8    8    9    9   10   11   13   15
   18   20   24   26   27   29   30   30   30   29   28   27   26   25   23   22
   20   18   16   15   12   11   10    9    9
    67.5-180.0 180.0   5.0 450.0                            LAT/LON1/LON2/DLON/H
   11   11   10   10   10   10   11   11   11   12   11   11   10   10    9    8
    8    7    8    7    8    9   10   11   12   13   13   14   14   13   12   13
   12   10    9    8    8    8    7    7    8    8   10   11   13   15   17   20
   24   26   30   33   35   37   38   37   37   36   35   34   33   31   30   28
   26   25   23   20   19   16   14   12   11
    65.0-180.0 180.0   5.0 450.0                            LAT/LON1/LON2/DLON/H
   16   15   13   13   12   12   12   11   11   11   10    9    9    9    9    8
    8    8    9   10   11   12   13   13   14   14   15   15   14   14   13   13
   12   10    9    8    8    7    7    8    9   11   12   14   17   19   22   26
   30   33   37   40   42   44   44   44   43   42   41   39   38   36   35   33
   31   31   29   28   25   22   20   18   16
    62.5-180.0 180.0   5.0 450.0                            LAT/LON1/LON2/DLON/H
   21   20   18   17   16   15   15   14   12   12   10    9    8    8    8    8
    8    9   10   10   11   13   13   13   14   14   14   14   15   14   13   12
   12   10    9    9    8    8    9   10   11   13   15   19   22   25   28   31
   35   39   42   45   48   49   49   49   48   46   45   43   41   39   38   36
   36   34   34   32   30   27   26   23   21
    60.0-180.0 180.0   5.0 450.0                            LAT/LON1/LON2/DLON/H
   27   25   24   22   21   20   19   17   15   13   12   10    9    8    8    9
    9   10   10   11   11   12   12   12   12   13   13   13   15   15   14   13
   12   11   10   10    9    9   10   13   15   17   20   24   27   31   34   37
   40   43   46   48   50   52   52   52   51   50   48   46   44   43   41   40
   39   38   37   36   34   32   30   29   27
    57.5-180.0 180.0   5.0 450.0                            LAT/LON1/LON2/DLON/H
   32   30   29   28   26   25   24   21   19   17   14   12   10   10   10   10
   11   10   10   10   10   10   11   11   12   12   14   15   17   17   17   16
   15   13   12   11   12   12   14   17   19   22   26   30   34   37   41   43
   45   47   49   51   52   54   55   55   55   54   52   50   49   47   45   43
   41   41   39   39   37   36   34   33   32
    55.0-180.0 180.0   5.0 450.0                            LAT/LON1/LON2/DLON/H
   36   35   34   33   32   30   28   26   24   21   18   15   13   12   12   13
   12   12   11   10   10   10   10   11   13   15   16   19   21   21   21   21
   19   17   16   15   15   17   19   21   24   28   32   36   40   44   47   50
   51   52   53   54   55   57   58   59   59   59   58   56   54   52   49   47
   45   43   42   40   40   38   38   37   36
    52.5-180.0 180.0   5.0 450.0                            LAT/LON1/LON2/DLON/H
   40   39   38   37   37   35   34   32   29   25   22   19   16   15   15   15
   15   14   12   12   11   11   12   13   16   20   22   25   28   28   27   27
   24   22   20   20   20   21   24   27   30   34   37   42   47   51   54   57
   58   59   59   59   59   61   62   64   64   64   64   62   61   58   55   52
   49   47   45   43   42   41   41   40   40
    50.0-180.0 180.0   5.0 450.0                            LAT/LON1/LON2/DLON/H
   42   41   41   41   41   40   39   37   34   30   27   24   22   20   19   19
   19   18   17   16   14   13   14   18   22   27   31   35   37   37   35   33
   30   27   25   24   25   27   30   33   36   40   44   48   53   57   61   64
   65   66   65   65   64   65   66   68   70   70   70   69   67   64   60   57
   54   51   48   47   45   44   43   42   42
    47.5-180.0 180.0   5.0 450.0                            LAT/LON1/LON2/DLON/H
   44   44   44   44   44   44   44   42   39   37   34   30   28   26   25   25
   25   25   24   23   21   22   24   29   34   40   44   48   49   47   43   39
   36   32   30   30   31   33   35   38   42   46   50   54   59   63   68   71
   73   73   72   71   70   70   71   72   74   75   74   73   72   69   66   62
   58   55   53   50   48   47   46   45   44
    45.0-180.0 180.0   5.0 450.0                            LAT/LON1/LON2/DLON/H
   45   45   46   46   47   47   47   45   43   42   40   37   35   33   32   32
   32   33   33   33   33   35   39   45   50   54   58   60   60   57   51   46
   42   37   35   35   36   38   41   44   48   52   56   60   65   69   74   78
   80   81   79   78   76   75   75   76   78   78   78   77   76   73   70   66
   63   60   57   54   52   50   48   47   45
    42.5-180.0 180.0   5.0 450.0                            LAT/LON1/LON2/DLON/H
   47   46   47   47   48   49   49   48   48   47   46   45   42   40   39   39
   40   42   44   46   48   52   56   62   67   69   70   70   68   65   59   53
   47   42   40   39   41   43   46   49   54   58   62   66   70   75   79   84
   87   88   87   85   82   80   79   79   80   80   80   79   77   75   72   69
   66   64   62   59   56   53   51   48   47
    40.0-180.0 180.0   5.0 450.0                            LAT/LON1/LON2/DLON/H
   48   47   47   47   48   49   49   50   50   52   52   51   50   48   46   46
   48   51   54   59   63   67   73   78   81   81   79   78   74   70   64   58
   51   46   43   43   44   47   50   54   59   64   68   71   75   79   83   89
   92   94   93   91   88   85   83   82   81   80   80   79   78   76   74   72
   69   67   65   63   61   57   54   51   48
    37.5-180.0 180.0   5.0 450.0                            LAT/LON1/LON2/DLON/H
   49   48   47   47   48   48   50   50   53   55   58   58   57   55   53   53
   55   58   63   70   76   82   87   90   91   89   85   81   77   72   66   60
   54   49   46   46   47   49   53   57   63   69   73   76   79   82   86   91
   95   97   97   95   93   90   87   85   83   82   80   80   79   79   77   76
   74   72   70   67   65   60   56   52   49
    35.0-180.0 180.0   5.0 450.0                            LAT/LON1/LON2/DLON/H
   51   49   47   47   48   48   49   51   54   58   62   64   64   63   61   60
   61   64   70   78   85   92   96   97   95   92   86   81   77   72   66   61
   55   50   48   47   49   51   55   60   67   73   78   80   82   85   88   92
   96   99  100   99   98   96   94   91   89   87   86   86   86   85   84   83
   81   79   77   73   69   64   59   54   51
    32.5-180.0 180.0   5.0 450.0                            LAT/LON1/LON2/DLON/H
   54   51   49   48   47   47   48   50   54   60   65   69   70   69   67   65
   65   68   74   82   90   97  100   99   95   90   82   77   73   69   65   60
   55   51   49   49   50   52   56   62   70   77   81   83   85   86   89   93
   97  100  103  103  104  105  106  104  101   98   98   97   97   96   95   95
   93   91   86   81   76   70   64   59   54
    30.0-180.0 180.0   5.0 450.0                            LAT/LON1/LON2/DLON/H
   60   56   53   50   49   48   48   50   54   60   66   72   74   74   71   69
   68   70   76   83   90   96   98   95   91   82   76   72   68   66   63   59
   55   52   51   50   50   51   55   63   71   79   84   86   87   88   90   94
   98  103  107  110  113  118  122  122  121  118  117  116  115  114  113  113
  110  107  102   95   88   80   73   66   60
    27.5-180.0 180.0   5.0 450.0                            LAT/LON1/LON2/DLON/H
   67   62   58   54   51   50   50   51   54   59   66   72   76   76   75   72
   70   72   76   81   86   91   92   89   84   74   69   66   64   62   60   58
   55   53   51   49   48   50   54   62   71   80   85   88   89   90   92   97
  102  108  113  118  125  133  141  144  146  143  142  140  139  139  136  135
  131  127  121  113  103   93   85   74   67
    25.0-180.0 180.0   5.0 450.0                            LAT/LON1/LON2/DLON/H
   75   69   64   59   56   54   55   55   56   59   64   70   74   76   75   72
   70   71   73   78   81   84   84   81   76   69   64   62   59   59   58   57
   55   53   50   47   46   47   52   61   72   81   87   91   93   95   98  103
  110  115  121  128  138  151  162  168  172  170  169  167  167  167  164  160
  155  149  141  133  122  111   98   85   75
    22.5-180.0 180.0   5.0 450.0                            LAT/LON1/LON2/DLON/H
   86   77   71   67   63   61   61   61   60   60   63   67   71   73   72   70
   69   68   69   73   75   77   77   73   70   65   61   58   55   55   55   55
   54   51   48   44   43   45   51   61   72   84   90   95   98  101  107  113
  121  127  132  141  153  169  181  191  195  194  193  192  192  192  189  185
  178  171  164  154  141  128  113   99   86
    20.0-180.0 180.0   5.0 450.0                            LAT/LON1/LON2/DLON/H
   97   86   79   74   70   69   69   68   64   61   62   65   68   69   69   67
   66   66   67   68   70   72   72   69   66   62   58   55   53   53   53   52
   50   47   45   42   42   45   52   62   74   86   94  101  104  110  118  127
  135  141  147  157  169  185  197  207  210  210  209  209  210  209  207  203
  196  190  183  172  159  145  129  113   97
    17.5-180.0 180.0   5.0 450.0                            LAT/LON1/LON2/DLON/H
  108   95   86   81   77   76   75   74   69   64   62   62   64   65   65   64
   63   63   64   65   66   67   68   67   64   60   57   52   51   50   51   50
   48   45   42   40   41   45   52   63   76   88   98  106  112  120  131  142
  151  158  164  173  184  198  209  217  218  216  216  218  219  220  217  213
  207  201  194  185  173  159  143  127  108
    15.0-180.0 180.0   5.0 450.0                            LAT/LON1/LON2/DLON/H
  120  106   95   88   82   80   80   78   74   67   62   60   60   61   62   61
   61   61   62   62   63   65   67   67   64   61   56   51   50   49   48   47
   45   42   39   37   39   44   54   65   78   91  102  112  121  132  145  157
  167  174  179  186  195  206  215  220  219  217  217  219  221  222  220  216
  212  206  200  193  184  170  155  138  120
    12.5-180.0 180.0   5.0 450.0                            LAT/LON1/LON2/DLON/H
  131  115  104   93   86   84   83   80   76   70   63   59   58   59   59   59
   60   61   62   62   63   65   66   67   65   61   56   50   48   47   45   44
   42   39   35   34   37   45   56   69   81   94  107  118  130  141  156  169
  178  185  189  193  198  207  213  216  215  214  214  215  217  218  216  211
  209  206  201  196  187  176  162  148  131
    10.0-180.0 180.0   5.0 450.0                            LAT/LON1/LON2/DLON/H
  138  121  107   95   87   84   82   80   76   71   64   59   57   57   58   57
   59   61   63   63   63   65   67   67   66   61   54   48   45   43   42   41
   38   35   32   32   37   46   59   72   85   98  111  123  134  147  162  174
  184  190  193  195  198  202  206  209  209  208  208  210  212  212  210  206
  205  202  200  196  189  180  168  153  138
     7.5-180.0 180.0   5.0 450.0                            LAT/LON1/LON2/DLON/H
  142  125  107   94   85   81   79   77   74   70   65   60   57   57   56   57
   59   61   63   65   64   65   67   67   65   60   53   47   43   41   39   37
   34   31   30   32   39   49   62   74   87  100  112  124  135  148  161  175
  184  190  193  193  194  197  201  203  205  206  206  207  210  211  208  204
  204  202  199  195  189  182  171  157  142
     5.0-180.0 180.0   5.0 450.0                            LAT/LON1/LON2/DLON/H
  144  127  108   92   81   76   74   73   71   68   65   61   59   58   57   57
   58   60   63   65   66   66   67   66   63   59   51   46   43   40   38   36
   33   32   31   34   41   51   63   75   88  100  111  122  133  146  159  172
  181  188  190  190  191  194  198  203  207  210  211  213  216  216  213  208
  208  205  202  197  191  183  174  160  144
     2.5-180.0 180.0   5.0 450.0                            LAT/LON1/LON2/DLON/H
  145  127  108   91   78   71   69   68   67   65   63   61   59   59   59   58
   57   59   62   64   66   66   66   64   61   58   52   48   45   43   40   37
   35   34   34   37   44   54   64   75   87   98  109  119  131  142  154  168
  177  184  187  188  190  193  200  208  215  219  223  226  229  229  225  221
  218  215  210  204  196  186  175  162  145
