GNSS_DATA/2020/001/products/igs_ion/igsg0010.20i
     1.0            IONOSPHERE MAPS     MIX                 IONEX VERSION / TYPE
cmpcmb v1.2          GRL/UWM            16-jan-20 13:02     PGM / RUN BY / DATE 
ionex file containing IGS COMBINED Ionosphere maps          COMMENT             
global ionosphere maps for day 001, 2020                    DESCRIPTION         
IONEX file containing the COMBINED IGS TEC MAPS and DCBs    DESCRIPTION         
      IONEX files of the following IAACs were combined: cod DESCRIPTION         
                                                        esa DESCRIPTION         
                                                        jpl DESCRIPTION         
                                                        upc DESCRIPTION         
Contact address: Andrzej Krankowski                         DESCRIPTION
                 Geodynamics Research Laboratory            DESCRIPTION
                 University of Warmia and Mazury (GRL/UWM)  DESCRIPTION
                 Oczapowski St. 1                           DESCRIPTION
                 10-957-Olsztyn, POLAND                     DESCRIPTION
                 e-mail:  kand@uwm.edu.pl                   DESCRIPTION
                                                            DESCRIPTION         
  2020     1     1     0     0     0                        EPOCH OF FIRST MAP  
  2020     1     2     0     0     0                        EPOCH OF LAST MAP   
  7200                                                      INTERVAL            
    13                                                      # OF MAPS IN FILE   
  COSZ                                                      MAPPING FUNCTION    
     0.0                                                    ELEVATION CUTOFF    
combined TEC calculated as weighted mean of input TEC valuesOBSERVABLES USED    
   392                                                      # OF STATIONS       
    32                                                      # OF SATELLITES     
  6371.0                                                    BASE RADIUS         
     2                                                      MAP DIMENSION       
   450.0 450.0   0.0                                        HGT1 / HGT2 / DHGT  
    87.5 -87.5  -2.5                                        LAT1 / LAT2 / DLAT  
  -180.0 180.0   5.0                                        LON1 / LON2 / DLON  
    -1                                                      EXPONENT            
TEC values in 0.1 tec units;  9999, if no value available   COMMENT             
DCB values in nanoseconds, reference is Sum_of_SatDCBs = 0  COMMENT             
                                                            END OF HEADER       
[from data line 429]
     2                                                      START OF TEC MAP    
  2020     1     1     2     0     0                        EPOCH OF CURRENT MAP
    87.5-180.0 180.0   5.0 450.0                            LAT/LON1/LON2/DLON/H
   14   14   14   14   14   14   14   14   14   14   14   14   14   14   14   14
   13   13   13   13   13   12   12   12   12   12   12   12   12   12   12   12
   12   12   12   12   12   12   12   12   12   12   12   12   12   13   13   13
   13   13   13   13   13   13   13   13   13   13   13   13   13   13   13   13
   13   13   13   13   13   13   13   14   14
    85.0-180.0 180.0   5.0 450.0                            LAT/LON1/LON2/DLON/H
   14   14   15   15   15   16   16   16   16   15   15   15   15   15   14   14
   13   13   12   12   12   11   11   11   10   10   10   10   10   10   10   10
   10   11   11   11   11   12   12   12   12   12   12   13   13   13   13   13
   13   13   13   13   13   13   13   13   13   12   12   12   12   12   12   12
   12   12   12   12   12   13   13   13   14
    82.5-180.0 180.0   5.0 450.0                            LAT/LON1/LON2/DLON/H
   12   13   14   14   15   15   16   17   17   17   17   17   17   16   15   14
   13   12   12   11   10    9    9    9    8    9    9    8    9    9    9    9
    9   10   10   10   10   11   11   11   12   12   12   12   12   12   13   12
   13   12   13   13   12   12   12   12   11   11   11   11   10   10   10   10
   10   10   10   11   11   11   11   12   12
    80.0-180.0 180.0   5.0 450.0                            LAT/LON1/LON2/DLON/H
   12   13   14   14   15   15   16   17   17   18   18   18   18   17   17   15
   15   13   12   10    9    8    8    8    8    8    8    8    8    8    8    9
    9    9    9    9    9   10   10   10   11   11   12   12   11   12   11   11
   11   11   11   11   10   10   10   10   10    9   10    9    9    9    9    9
    9    9   10   10   10   11   11   11   12
    77.5-180.0 180.0   5.0 450.0                            LAT/LON1/LON2/DLON/H
   12   12   13   13   14   14   15   16   17   18   18   18   18   18   18   16
   14   12   11   10    9    8    8    7    9    8    8    8    8    8    8    9
    9    8    8    8    9    9   10   10   11   10   11   11   11   11   10   10
    9    9    9    9    9    8    9    9    9    9    9    9    9    9    9    9
    9    9   10   11   11   11   11   12   12
    75.0-180.0 180.0   5.0 450.0                            LAT/LON1/LON2/DLON/H
   14   13   13   13   13   14   15   15   16   16   17   17   18   17   16   15
   15   13   12   11   10    9    8    7    8    8    8    8    8    8    8    9
    9    9    8    9   10   10   10   10   10   10   10   10   10   10   10    9
    9    8    9    8    8    8    8    8    9    9    9    9    9   10   10   11
   11   12   13   13   14   14   14   14   14
    72.5-180.0 180.0   5.0 450.0                            LAT/LON1/LON2/DLON/H
   18   16   15   15   14   14   14   13   14   14   14   15   16   16   16   16
   15   14   13   13   12   11   10    8    8    8    9    9    8    8    8    8
    8    9    9    9    9    9    9    9    9    9    9    9    9    9    9    9
    9    9    9    9    9    9    9    9    9   10   11   12   13   14   15   16
   18   18   19   19   20   20   20   18   18
    70.0-180.0 180.0   5.0 450.0                            LAT/LON1/LON2/DLON/H
   23   22   20   18   16   15   14   13   13   12   12   12   13   13   13   14
   14   14   15   14   14   14   13   11   11   10   10   10   10    9    9    9
    9    9    9    8    8    8    8    8    8    8    8    9   10   10   10   11
   10   11   11   11   11   11   12   13   13   14   16   17   18   20   22   23
   26   26   27   28   28   27   26   25   23
    67.5-180.0 180.0   5.0 450.0                            LAT/LON1/LON2/DLON/H
   31   29   26   23   21   19   16   14   13   12   11   11   10   10   11   11
   12   13   14   15   15   16   15   15   14   14   13   12   12   11   11   11
   10    9    9    9    8    8    7    7    8    8    9   10   11   12   13   13
   13   13   13   13   14   14   15   16   18   19   21   23   24   27   28   31
   33   34   36   37   37   36   35   34   31
    65.0-180.0 180.0   5.0 450.0                            LAT/LON1/LON2/DLON/H
   40   37   34   31   27   24   20   18   15   13   11   10    9    9    9    9
   10   12   13   14   15   16   16   16   16   15   14   13   13   13   12   11
   10   10   10   10    9    8    8    8    8   10   11   12   14   15   16   16
   16   16   16   16   16   17   19   20   22   23   26   28   30   33   34   37
   39   41   43   44   44   44   43   42   40
    62.5-180.0 180.0   5.0 450.0                            LAT/LON1/LON2/DLON/H
   48   46   43   39   35   31   26   22   18   15   13   10    9    9    9    9
    9   10   11   13   14   15   15   16   15   15   14   14   13   12   12   11
   11   12   12   11   11   11   10   10   11   13   14   16   18   19   20   20
   19   18   18   18   19   20   22   24   26   28   30   32   36   38   40   42
   44   46   49   50   50   51   50   50   48
    60.0-180.0 180.0   5.0 450.0                            LAT/LON1/LON2/DLON/H
   55   53   51   47   43   38   33   27   23   19   16   13   10    9    9    9
    9   10   10   11   12   13   13   14   14   15   14   14   14   13   13   13
   14   14   14   15   15   14   14   14   15   17   18   20   22   23   24   23
   23   22   21   21   22   23   25   27   30   32   35   37   40   42   45   46
   48   50   52   54   54   55   56   55   55
    57.5-180.0 180.0   5.0 450.0                            LAT/LON1/LON2/DLON/H
   59   59   57   54   50   45   39   33   29   24   20   17   13   11   10   10
   11   11   11   11   11   11   12   13   13   14   15   15   16   15   16   17
   18   19   20   20   20   19   19   20   21   22   24   25   27   28   28   28
   26   26   24   24   25   26   29   31   35   38   41   43   45   47   48   50
   51   53   54   55   56   58   59   59   59
    55.0-180.0 180.0   5.0 450.0                            LAT/LON1/LON2/DLON/H
   63   63   62   60   55   51   45   39   34   29   25   21   17   15   14   13
   13   13   12   11   10   10   11   12   14   15   17   18   19   20   21   22
   24   25   26   26   26   25   25   26   27   28   30   32   32   33   33   32
   31   30   29   28   28   30   32   36   40   44   47   49   50   51   52   53
   54   55   56   57   58   59   61   62   63
    52.5-180.0 180.0   5.0 450.0                            LAT/LON1/LON2/DLON/H
   66   66   66   64   61   56   50   44   39   34   29   25   22   19   18   18
   17   16   14   13   12   11   12   14   16   18   21   23   25   28   29   30
   31   33   34   33   32   32   32   33   34   35   36   37   38   38   37   37
   36   35   34   32   32   34   37   41   46   49   52   54   55   56   56   56
   57   57   59   59   60   61   62   64   66
    50.0-180.0 180.0   5.0 450.0                            LAT/LON1/LON2/DLON/H
   68   68   68   67   64   60   55   49   44   38   34   30   27   25   23   23
   22   21   19   17   15   15   16   18   21   25   28   32   34   37   38   39
   41   41   41   40   39   38   39   40   40   41   42   42   43   43   43   42
   41   40   39   37   37   39   42   46   51   54   58   59   60   60   60   60
   60   61   62   62   63   64   65   66   68
    47.5-180.0 180.0   5.0 450.0                            LAT/LON1/LON2/DLON/H
   69   70   70   70   68   64   59   53   48   43   39   36   33   31   29   28
   27   26   24   23   22   23   25   28   32   36   40   43   45   47   47   48
   48   48   46   46   45   44   45   45   46   47   47   47   47   47   47   47
   47   47   45   44   44   44   47   52   56   59   63   64   65   64   64   64
   64   64   65   65   66   67   67   69   69
    45.0-180.0 180.0   5.0 450.0                            LAT/LON1/LON2/DLON/H
   71   71   71   71   70   67   62   57   52   47   44   41   39   37   35   34
   33   32   31   31   32   35   38   42   47   51   54   56   56   57   56   55
   54   53   51   49   49   48   49   49   50   51   52   51   51   51   52   53
   54   54   52   52   52   52   54   58   61   64   67   69   69   70   70   70
   69   69   69   69   69   70   71   71   71
    42.5-180.0 180.0   5.0 450.0                            LAT/LON1/LON2/DLON/H
   72   72   72   72   71   69   65   60   55   51   49   47   45   43   41   39
   39   39   39   41   44   49   54   59   64   68   69   68   66   65   64   62
   60   57   55   52   51   51   51   52   53   55   55   55   55   55   57   59
   60   61   60   60   60   61   62   64   65   68   71   73   74   75   75   75
   75   74   74   74   74   74   74   73   72
    40.0-180.0 180.0   5.0 450.0                            LAT/LON1/LON2/DLON/H
   75   73   72   72   72   71   68   64   59   56   54   52   51   49   46   45
   44   45   47   52   57   63   69   74   79   81   79   77   74   71   69   66
   63   60   57   53   52   52   53   54   56   57   58   58   58   59   62   63
   65   66   66   66   66   68   68   68   69   71   73   76   77   79   80   81
   81   81   80   80   80   79   79   77   75
    37.5-180.0 180.0   5.0 450.0                            LAT/LON1/LON2/DLON/H
   79   75   73   72   72   73   71   67   63   61   59   57   56   54   52   50
   50   51   55   60   66   74   80   85   89   91   87   82   77   73   71   67
   64   61   57   54   53   53   54   56   58   59   60   61   61   62   64   65
   67   68   68   68   70   72   73   72   72   73   75   78   81   83   86   88
   90   88   88   86   87   86   85   82   79
    35.0-180.0 180.0   5.0 450.0                            LAT/LON1/LON2/DLON/H
   84   79   76   74   74   73   72   69   66   64   62   62   61   60   58   56
   55   57   61   67   74   81   87   91   94   93   88   81   75   72   69   66
   63   60   57   55   54   54   55   56   58   60   61   62   62   63   64   66
   67   67   67   69   73   75   76   75   74   75   77   81   85   89   93   97
   99   99   98   96   96   94   93   89   84
    32.5-180.0 180.0   5.0 450.0                            LAT/LON1/LON2/DLON/H
   92   85   80   77   75   74   74   71   69   68   66   65   65   64   63   62
   60   62   65   71   77   83   88   91   91   89   83   76   70   68   66   65
   62   59   57   56   55   55   55   57   58   60   61   61   62   62   62   63
   63   63   65   68   73   77   78   78   77   77   80   84   90   96  102  108
  112  112  111  109  108  105  103   99   92
    30.0-180.0 180.0   5.0 450.0                            LAT/LON1/LON2/DLON/H
  104   96   88   82   79   77   75   73   71   70   69   68   68   68   67   66
   65   65   67   71   75   81   83   84   84   81   75   70   65   63   63   63
   61   59   58   57   57   56   55   56   57   58   59   58   58   57   57   57
   57   58   61   66   72   77   80   81   80   80   82   87   95  104  113  121
  127  129  127  125  124  120  117  112  104
    27.5-180.0 180.0   5.0 450.0                            LAT/LON1/LON2/DLON/H
  122  111  101   92   86   83   79   76   73   72   71   70   70   71   70   69
   67   67   68   70   73   75   75   76   75   72   68   64   62   62   63   62
   62   61   59   59   57   55   54   53   54   55   54   53   52   51   51   50
   49   51   56   63   70   77   82   84   84   85   88   93  103  113  125  137
  144  147  146  144  144  139  135  130  122
    25.0-180.0 180.0   5.0 450.0                            LAT/LON1/LON2/DLON/H
  144  134  119  108   98   91   85   82   78   75   73   72   72   72   72   71
   69   68   68   69   70   69   69   69   67   65   63   60   60   61   63   64
   63   62   60   59   57   54   51   50   50   50   49   47   45   44   43   42
   42   45   52   61   70   78   83   87   89   92   96  103  114  127  140  152
  162  167  168  168  165  160  156  152  144
    22.5-180.0 180.0   5.0 450.0                            LAT/LON1/LON2/DLON/H
  171  162  146  126  113  104   97   92   86   82   77   74   73   73   72   71
   69   68   68   68   66   65   63   64   63   63   62   62   62   63   65   66
   64   62   60   58   56   52   49   46   44   44   42   40   37   36   35   34
   36   41   50   61   72   80   87   93   97  102  108  116  127  142  154  168
  179  185  188  189  185  179  178  176  171
    20.0-180.0 180.0   5.0 450.0                            LAT/LON1/LON2/DLON/H
  194  189  172  148  131  120  111  106   99   91   84   79   76   74   72   70
   69   68   67   67   65   63   61   63   65   66   67   66   66   66   68   68
   66   63   59   57   54   50   45   40   39   37   34   32   30   29   28   29
   32   39   50   63   75   84   93  101  108  115  123  131  142  155  168  181
  191  198  201  203  202  198  196  196  194
    17.5-180.0 180.0   5.0 450.0                            LAT/LON1/LON2/DLON/H
  213  209  193  170  150  136  127  120  112  102   94   86   79   76   73   70
   68   68   68   68   66   64   64   66   70   73   72   72   71   71   71   71
   68   63   59   56   52   47   41   36   33   31   28   26   24   25   25   28
   32   41   54   67   80   91  102  112  121  130  139  147  157  170  180  189
  197  203  206  208  211  212  211  211  213
    15.0-180.0 180.0   5.0 450.0                            LAT/LON1/LON2/DLON/H
  222  221  208  183  165  152  141  134  125  114  103   93   85   79   75   71
   69   70   71   71   70   69   70   73   78   80   79   77   76   75   74   73
   69   64   59   54   49   44   38   32   29   26   24   22   22   23   25   28
   34   44   59   73   87   99  112  125  136  145  154  162  171  181  187  192
  197  201  205  209  214  219  219  219  222
    12.5-180.0 180.0   5.0 450.0                            LAT/LON1/LON2/DLON/H
  221  223  215  194  176  165  154  145  138  126  113  101   91   84   79   75
   73   75   76   76   75   75   78   81   85   86   83   80   79   77   76   74
   69   63   57   52   47   41   35   31   28   25   23   22   22   25   27   30
   37   49   64   79   93  106  121  135  147  158  166  173  180  187  189  191
  194  197  202  208  214  218  219  219  221
    10.0-180.0 180.0   5.0 450.0                            LAT/LON1/LON2/DLON/H
  216  218  213  197  182  173  164  156  149  137  122  109   99   91   85   80
   80   81   82   81   81   81   84   87   90   88   84   80   78   74   73   71
   67   61   55   50   45   41   36   31   29   28   25   23   24   26   29   32
   39   52   68   84   98  112  126  141  154  165  172  178  184  188  188  188
  189  191  196  206  212  216  217  215  216
     7.5-180.0 180.0   5.0 450.0                            LAT/LON1/LON2/DLON/H
  212  212  208  196  183  174  169  164  157  145  130  117  105   98   92   88
   87   88   88   86   86   87   88   90   90   87   81   76   73   71   71   68
   65   60   55   51   47   43   38   34   32   30   28   26   27   28   30   33
   41   55   72   88  101  114  128  143  156  166  174  180  184  186  186  184
  184  186  192  201  209  213  214  212  212
     5.0-180.0 180.0   5.0 450.0                            LAT/LON1/LON2/DLON/H
  211  211  206  195  183  174  170  167  160  149  134  121  111  106  100   96
   94   94   94   91   90   90   91   91   88   83   76   71   69   68   68   66
   64   60   56   53   49   47   42   38   35   33   31   30   29   30   31   34
   43   56   73   89  101  113  128  143  155  164  172  178  182  184  184  182
  181  182  188  199  208  213  213  212  211
     2.5-180.0 180.0   5.0 450.0                            LAT/LON1/LON2/DLON/H
  215  214  208  197  185  175  170  167  161  149  136  125  116  111  107  103
  100   99   99   96   94   93   92   90   85   78   72   68   68   68   69   68
   67   63   60   56   54   51   46   42   38   35   33   32   32   33   33   36
   45   58   74   88   99  111  125  139  151  160  167  174  180  183  184  183
  182  183  189  199  210  215  217  216  215
