GNSS_DATA/2020/001/products/igs_ion/igsg0010.20i
     1.0            IONOSPHERE MAPS     MIX                 IONEX VERSION / TYPE
cmpcmb v1.2          GRL/UWM            16-jan-20 13:02     PGM / RUN BY / DATE 
ionex file containing IGS COMBINED Ionosphere maps          COMMENT             
global ionosphere maps for day 001, 2020                    DESCRIPTION         
IONEX file containing the COMBINED IGS TEC MAPS and DCBs    DESCRIPTION         
      IONEX files of the following IAACs were combined: cod DESCRIPTION         
                                                        esa DESCRIPTION         
                                                        jpl DESCRIPTION         
                                                        upc DESCRIPTION         
Contact address: Andrzej Krankowski                         DESCRIPTION
                 Geodynamics Research Laboratory            DESCRIPTION
                 University of Warmia and Mazury (GRL/UWM)  DESCRIPTION
                 Oczapowski St. 1                           DESCRIPTION
                 10-957-Olsztyn, POLAND                     DESCRIPTION
                 e-mail:  kand@uwm.edu.pl                   DESCRIPTION
                                                            DESCRIPTION         
  2020     1     1     0     0     0                        EPOCH OF FIRST MAP  
  2020     1     2     0     0     0                        EPOCH OF LAST MAP   
  7200                                                      INTERVAL            
    13                                                      # OF MAPS IN FILE   
  COSZ                                                      MAPPING FUNCTION    
     0.0                                                    ELEVATION CUTOFF    
combined TEC calculated as weighted mean of input TEC valuesOBSERVABLES USED    
   392                                                      # OF STATIONS       
    32                                                      # OF SATELLITES     
  6371.0                                                    BASE RADIUS         
     2                                                      MAP DIMENSION       
   450.0 450.0   0.0                                        HGT1 / HGT2 / DHGT  
    87.5 -87.5  -2.5                                        LAT1 / LAT2 / DLAT  
  -180.0 180.0   5.0                                        LON1 / LON2 / DLON  
    -1                                                      EXPONENT            
TEC values in 0.1 tec units;  9999, if no value available   COMMENT             
DCB values in nanoseconds, reference is Sum_of_SatDCBs = 0  COMMENT             
                                                            END OF HEADER       
[from data line 3861]
    10                                                      START OF TEC MAP    
  2020     1     1    18     0     0                        EPOCH OF CURRENT MAP
    87.5-180.0 180.0   5.0 450.0                            LAT/LON1/LON2/DLON/H
   17   17   17   17   17   17   17   17   17   17   17   17   17   17   18   18
   18   18   18   18   18   17   18   18   18   18   18   18   17   17   17   17
   17   17   17   17   17   17   17   18   18   18   18   18   17   17   17   17
   17   17   17   17   17   17   17   17   16   16   16   16   16   16   16   16
   16   16   16   17   17   17   17   17   17
    85.0-180.0 180.0   5.0 450.0                            LAT/LON1/LON2/DLON/H
   19   19   18   19   19   19   19   19   19   19   19   19   19   19   19   19
   19   19   18   18   19   18   19   18   18   17   17   18   18   18   17   17
   17   17   17   17   17   17   17   17   17   17   17   17   17   17   17   17
   17   17   17   17   18   17   17   17   17   17   16   16   16   16   16   17
   17   17   17   18   18   18   18   18   19
    82.5-180.0 180.0   5.0 450.0                            LAT/LON1/LON2/DLON/H
   18   19   19   19   19   20   20   20   20   20   20   20   20   20   20   20
   19   19   19   18   18   19   19   18   18   18   18   18   18   18   18   18
   18   18   18   17   18   17   17   17   17   16   16   17   17   17   17   17
   18   18   18   18   18   18   19   18   18   18   18   18   18   18   18   18
   18   19   19   19   19   19   18   18   18
    80.0-180.0 180.0   5.0 450.0                            LAT/LON1/LON2/DLON/H
   18   19   19   19   19   19   20   20   21   22   22   22   22   22   22   23
   22   22   22   21   20   19   19   20   19   19   19   18   18   18   18   18
   17   18   17   17   17   17   16   16   16   15   15   15   15   16   16   17
   17   18   18   18   19   19   19   20   20   20   19   19   19   19   19   19
   19   19   18   18   18   18   18   18   18
    77.5-180.0 180.0   5.0 450.0                            LAT/LON1/LON2/DLON/H
   17   17   17   17   17   17   18   19   20   21   22   23   24   25   26   26
   27   27   26   25   25   23   24   22   21   20   19   19   19   19   19   19
   19   18   17   17   17   16   16   15   15   14   14   14   14   14   14   15
   16   17   19   19   20   20   21   21   21   20   19   19   19   19   18   18
   18   18   17   17   17   17   17   17   17
    75.0-180.0 180.0   5.0 450.0                            LAT/LON1/LON2/DLON/H
   15   15   14   14   14   14   15   16   17   19   21   23   25   27   28   30
   31   30   31   30   28   27   27   25   23   22   20   19   18   18   18   19
   19   19   18   17   16   15   14   13   13   13   12   13   13   13   14   14
   16   17   18   19   20   21   21   21   20   19   19   18   18   17   17   17
   17   17   16   16   15   15   15   15   15
    72.5-180.0 180.0   5.0 450.0                            LAT/LON1/LON2/DLON/H
   12   12   11   11   11   11   11   13   15   17   20   22   26   29   31   34
   35   36   36   36   33   32   31   29   27   24   22   19   19   19   19   18
   18   17   16   15   14   13   12   11   10   11   10   11   12   12   13   14
   15   17   18   19   20   20   20   20   20   19   18   17   16   16   16   16
   15   15   15   15   14   13   13   13   12
    70.0-180.0 180.0   5.0 450.0                            LAT/LON1/LON2/DLON/H
   11   10   10   10    9    9    9   10   12   15   18   22   26   30   34   37
   40   41   42   41   39   38   38   34   31   27   25   22   19   18   18   17
   16   15   15   14   12   11   10    9    9    9    9   10   11   11   12   14
   15   16   18   18   19   20   20   19   19   19   18   17   17   16   15   15
   15   15   15   15   15   14   13   12   11
    67.5-180.0 180.0   5.0 450.0                            LAT/LON1/LON2/DLON/H
   13   12   10    9    9    9    9   10   12   15   18   23   28   32   36   40
   43   46   47   47   46   45   43   39   35   32   28   25   22   19   17   17
   15   13   12   11   11    9    8    8    8    8    9   10   11   12   13   14
   15   17   18   19   19   20   20   20   19   19   18   18   18   17   17   17
   17   17   18   18   18   17   16   14   13
    65.0-180.0 180.0   5.0 450.0                            LAT/LON1/LON2/DLON/H
   18   16   14   13   12   11   11   12   14   17   21   25   30   34   38   43
   47   49   51   52   51   50   48   45   42   38   34   31   26   22   19   17
   14   12   11   10    9    8    8    8    9    9   10   12   13   14   15   16
   16   18   18   20   20   20   20   20   19   19   20   19   20   20   21   21
   21   22   23   23   23   23   21   20   18
    62.5-180.0 180.0   5.0 450.0                            LAT/LON1/LON2/DLON/H
   24   21   20   18   18   17   17   17   19   21   25   28   33   38   42   45
   49   52   54   55   55   54   53   51   48   45   41   37   32   27   23   18
   16   14   11   10    9    9    9    9   10   12   13   15   16   17   18   18
   19   19   20   19   20   20   20   20   20   21   22   22   22   23   25   27
   27   28   29   30   29   29   28   26   24
    60.0-180.0 180.0   5.0 450.0                            LAT/LON1/LON2/DLON/H
   30   28   26   26   25   24   25   25   26   28   31   34   38   41   45   48
   51   54   55   57   58   58   58   57   54   51   47   43   38   33   27   22
   19   16   14   13   11   11   11   12   14   16   17   19   20   21   21   22
   21   22   21   21   20   20   21   22   23   24   25   26   28   29   31   33
   34   35   36   36   36   35   34   32   30
    57.5-180.0 180.0   5.0 450.0                            LAT/LON1/LON2/DLON/H
   37   35   33   33   32   32   33   34   35   37   39   41   44   46   49   51
   54   56   57   59   60   60   61   60   59   57   54   50   45   41   33   28
   24   21   18   16   15   14   15   17   19   21   22   24   25   25   26   25
   25   25   24   23   22   23   24   25   27   29   31   33   34   35   37   38
   40   41   43   42   43   42   40   38   37
    55.0-180.0 180.0   5.0 450.0                            LAT/LON1/LON2/DLON/H
   43   41   39   39   39   40   42   43   45   45   46   47   50   51   53   55
   56   57   59   60   62   63   64   64   64   63   60   56   52   46   40   35
   30   27   23   21   19   19   20   22   25   27   28   29   30   31   30   30
   30   29   29   28   28   29   29   31   33   35   37   38   40   41   42   43
   44   46   47   48   48   47   46   45   43
    52.5-180.0 180.0   5.0 450.0                            LAT/LON1/LON2/DLON/H
   46   44   43   44   45   47   48   50   52   54   55   55   56   56   57   59
   59   60   61   62   64   66   67   69   69   69   67   63   58   52   47   41
   36   33   29   26   25   25   26   29   31   33   34   36   36   37   36   35
   35   35   35   35   34   35   36   37   38   40   42   44   44   45   45   45
   46   48   49   50   50   50   49   48   46
    50.0-180.0 180.0   5.0 450.0                            LAT/LON1/LON2/DLON/H
   48   46   45   46   48   50   53   56   59   61   61   62   62   62   63   63
   63   64   64   66   68   70   72   74   76   75   74   71   66   59   52   48
   43   39   35   32   31   31   33   35   37   40   41   41   42   42   41   41
   41   41   42   41   41   42   42   43   44   45   45   45   46   45   45   45
   46   47   48   50   51   50   50   49   48
    47.5-180.0 180.0   5.0 450.0                            LAT/LON1/LON2/DLON/H
   46   45   45   46   48   51   55   60   64   66   67   68   68   68   68   69
   68   69   70   72   75   78   80   82   83   84   82   79   73   67   59   53
   48   44   40   37   37   37   39   42   44   46   47   47   47   46   46   46
   47   48   48   48   49   48   48   48   49   48   48   47   46   45   44   44
   44   45   46   49   49   49   49   48   46
    45.0-180.0 180.0   5.0 450.0                            LAT/LON1/LON2/DLON/H
   44   42   43   44   47   51   56   62   67   70   72   73   73   73   74   74
   75   76   78   81   84   88   91   93   93   93   90   86   79   72   64   58
   52   48   45   43   43   44   46   48   50   51   52   51   51   50   50   50
   52   53   53   54   55   54   54   53   52   52   50   48   47   45   44   43
   43   44   45   46   47   47   47   46   44
    42.5-180.0 180.0   5.0 450.0                            LAT/LON1/LON2/DLON/H
   41   40   40   42   46   50   57   63   69   73   76   77   78   79   80   81
   82   85   88   92   97  102  105  105  105  103   98   92   84   77   68   62
   56   52   50   49   48   50   51   53   55   56   56   55   55   54   54   55
   56   57   57   58   59   58   57   55   54   53   51   50   47   45   44   43
   43   44   45   46   46   46   45   43   41
    40.0-180.0 180.0   5.0 450.0                            LAT/LON1/LON2/DLON/H
   39   38   38   41   45   50   56   64   70   75   78   80   83   84   86   88
   90   94   99  105  112  116  118  118  116  112  106   98   89   81   72   66
   60   57   54   53   54   54   57   58   59   60   60   59   59   58   58   58
   58   59   59   59   59   59   58   56   55   53   52   50   48   45   44   43
   44   45   46   47   47   46   44   41   39
    37.5-180.0 180.0   5.0 450.0                            LAT/LON1/LON2/DLON/H
   37   37   38   41   45   50   56   64   71   78   82   84   87   90   92   94
   98  103  109  117  125  130  131  129  125  120  113  106   97   86   78   71
   65   62   59   58   58   59   61   62   63   64   63   62   62   61   60   59
   59   58   58   57   58   58   57   56   55   54   52   51   49   47   45   46
   46   47   48   48   47   46   43   40   37
    35.0-180.0 180.0   5.0 450.0                            LAT/LON1/LON2/DLON/H
   37   37   39   42   47   51   57   64   73   80   84   88   92   96   99  101
  104  109  117  127  136  142  142  138  132  127  121  113  106   95   86   78
   72   68   65   64   64   64   65   66   66   67   66   65   64   63   62   59
   58   56   55   55   55   56   55   55   55   54   53   52   50   49   48   49
   50   50   51   50   48   47   44   40   37
    32.5-180.0 180.0   5.0 450.0                            LAT/LON1/LON2/DLON/H
   39   38   41   46   51   54   59   66   74   81   86   91   96  101  105  107
  109  114  122  132  143  149  149  142  135  131  127  122  115  106   97   89
   82   77   73   70   69   69   69   69   69   69   69   68   67   65   63   59
   56   55   53   52   53   54   54   54   54   54   53   53   52   51   51   52
   53   54   54   52   50   46   44   41   39
    30.0-180.0 180.0   5.0 450.0                            LAT/LON1/LON2/DLON/H
   42   42   46   51   55   59   63   68   75   82   89   94  100  105  110  112
  113  116  124  135  146  152  150  143  136  133  131  130  126  119  111  102
   96   89   83   79   76   73   72   72   71   71   70   69   68   67   64   60
   57   54   52   52   53   53   54   53   53   53   53   53   53   54   54   56
   56   56   55   53   50   46   44   42   42
    27.5-180.0 180.0   5.0 450.0                            LAT/LON1/LON2/DLON/H
   44   47   51   56   62   65   67   72   78   84   91   97  103  109  114  116
  116  118  124  134  145  150  148  143  137  135  137  140  140  134  128  120
  113  105   96   88   81   77   75   74   74   73   72   70   69   67   65   62
   58   55   52   52   52   52   53   52   52   52   53   53   53   54   56   57
   58   57   55   52   49   46   43   43   44
    25.0-180.0 180.0   5.0 450.0                            LAT/LON1/LON2/DLON/H
   45   50   55   63   68   71   73   77   81   87   93   99  105  112  116  118
  118  119  123  132  140  146  145  142  139  140  145  151  153  151  149  142
  133  122  109   98   88   82   77   77   76   74   73   71   70   69   67   64
   60   56   53   52   52   52   52   51   51   51   52   52   52   53   54   56
   57   56   53   50   47   43   42   43   45
    22.5-180.0 180.0   5.0 450.0                            LAT/LON1/LON2/DLON/H
   45   51   58   67   74   77   79   82   86   90   96  101  107  114  118  120
  119  120  122  129  136  142  143  144  144  149  156  162  167  170  169  163
  154  140  124  110   96   87   81   79   78   77   75   72   71   70   68   65
   62   58   55   53   52   52   52   51   50   50   50   51   51   51   53   54
   54   53   50   46   44   40   40   42   45
    20.0-180.0 180.0   5.0 450.0                            LAT/LON1/LON2/DLON/H
   44   51   59   69   78   83   85   88   91   95  100  104  110  116  120  121
  121  121  122  126  133  139  144  148  153  160  168  172  179  186  189  184
  174  157  142  124  105   93   86   82   80   79   78   75   72   70   69   67
   63   59   56   54   53   53   53   51   50   48   48   49   49   49   51   52
   51   49   47   44   41   39   38   40   44
    17.5-180.0 180.0   5.0 450.0                            LAT/LON1/LON2/DLON/H
   42   50   58   70   79   85   90   94   97  101  105  109  114  119  123  124
  124  124  124  127  132  138  146  155  164  173  178  182  190  198  203  200
  190  174  159  140  120  101   92   86   83   81   80   76   73   70   69   66
   62   58   56   54   52   52   53   51   49   48   48   48   47   47   49   50
   49   47   45   43   40   38   37   39   42
    15.0-180.0 180.0   5.0 450.0                            LAT/LON1/LON2/DLON/H
   41   48   58   69   79   88   94   99  103  108  112  115  119  123  127  129
  129  129  129  131  135  142  153  165  176  185  188  191  199  208  212  209
  200  186  170  150  129  111   98   90   86   83   81   77   73   70   67   64
   60   56   54   53   52   52   52   50   49   48   47   47   46   46   47   47
   47   45   44   42   40   38   37   38   41
    12.5-180.0 180.0   5.0 450.0                            LAT/LON1/LON2/DLON/H
   40   46   56   68   79   89   97  104  109  115  119  123  126  129  133  135
  136  138  138  140  144  152  164  177  189  197  199  199  205  212  215  213
  205  192  176  157  137  118  104   94   89   86   83   77   73   70   65   60
   57   54   51   50   50   50   50   49   49   48   47   46   46   45   45   46
   46   44   43   42   41   39   38   38   40
    10.0-180.0 180.0   5.0 450.0                            LAT/LON1/LON2/DLON/H
   41   47   57   69   80   90  100  108  116  122  127  131  134  137  140  143
  146  150  151  152  157  165  177  191  203  209  207  205  206  210  213  211
  206  196  181  164  144  126  111  100   93   89   85   79   74   69   63   58
   54   51   49   48   48   49   49   48   48   48   47   46   45   44   45   46
   46   45   44   43   43   41   39   39   41
     7.5-180.0 180.0   5.0 450.0                            LAT/LON1/LON2/DLON/H
   43   49   59   71   82   93  104  114  121  128  134  139  142  147  150  152
  156  162  165  168  172  181  192  204  215  219  214  208  206  206  209  206
  204  199  188  171  151  133  118  107   98   92   87   82   76   71   64   58
   54   51   49   48   49   50   50   49   49   49   48   47   45   45   45   46
   47   46   45   45   44   42   40   40   43
     5.0-180.0 180.0   5.0 450.0                            LAT/LON1/LON2/DLON/H
   45   53   62   74   86   97  108  119  127  135  141  147  150  156  159  163
  167  173  179  183  189  197  207  217  225  228  220  211  208  207  207  207
  206  202  193  178  159  142  126  113  104   97   91   86   81   77   70   65
   59   56   55   54   54   54   53   52   52   52   51   49   47   47   47   48
   48   48   47   47   45   43   42   42   45
     2.5-180.0 180.0   5.0 450.0                            LAT/LON1/LON2/DLON/H
   49   57   67   78   90  102  113  123  132  140  147  153  157  163  168  172
  177  184  192  198  205  212  220  226  232  234  226  216  212  212  212  212
  211  207  198  183  166  148  132  121  112  105   98   93   89   86   83   80
   73   68   66   65   63   61   59   57   56   56   54   51   50   49   50   51
   50   49   49   48   47   44   43   44   49
