GNSS_DATA/2020/001/products/igs_ion/igsg0010.20i
     1.0            IONOSPHERE MAPS     MIX                 IONEX VERSION / TYPE
cmpcmb v1.2          GRL/UWM            16-jan-20 13:02     PGM / RUN BY / DATE 
ionex file containing IGS COMBINED Ionosphere maps          COMMENT             
global ionosphere maps for day 001, 2020                    DESCRIPTION         
IONEX file containing the COMBINED IGS TEC MAPS and DCBs    DESCRIPTION         
      IONEX files of the following IAACs were combined: cod DESCRIPTION         
                                                        esa DESCRIPTION         
                                                        jpl DESCRIPTION         
                                                        upc DESCRIPTION         
Contact address: Andrzej Krankowski                         DESCRIPTION
                 Geodynamics Research Laboratory            DESCRIPTION
                 University of Warmia and Mazury (GRL/UWM)  DESCRIPTION
                 Oczapowski St. 1                           DESCRIPTION
                 10-957-Olsztyn, POLAND                     DESCRIPTION
                 e-mail:  kand@uwm.edu.pl                   DESCRIPTION
                                                            DESCRIPTION         
  2020     1     1     0     0     0                        EPOCH OF FIRST MAP  
  2020     1     2     0     0     0                        EPOCH OF LAST MAP   
  7200                                                      INTERVAL            
    13                                                      # OF MAPS IN FILE   
  COSZ                                                      MAPPING FUNCTION    
     0.0                                                    ELEVATION CUTOFF    
combined TEC calculated as weighted mean of input TEC valuesOBSERVABLES USED    
   392                                                      # OF STATIONS       
    32                                                      # OF SATELLITES     
  6371.0                                                    BASE RADIUS         
     2                                                      MAP DIMENSION       
   450.0 450.0   0.0                                        HGT1 / HGT2 / DHGT  
    87.5 -87.5  -2.5                                        LAT1 / LAT2 / DLAT  
  -180.0 180.0   5.0                                        LON1 / LON2 / DLON  
    -1                                                      EXPONENT            
TEC values in 0.1 tec units;  9999, if no value available   COMMENT             
DCB values in nanoseconds, reference is Sum_of_SatDCBs = 0  COMMENT             
                                                            END OF HEADER       
[from data line 4290]
    11                                                      START OF TEC MAP    
  2020     1     1    20     0     0                        EPOCH OF CURRENT MAP
    87.5-180.0 180.0   5.0 450.0                            LAT/LON1/LON2/DLON/H
   14   14   14   14   14   14   14   14   14   14   14   14   14   14   14   14
   14   14   14   14   14   14   14   14   14   14   14   14   14   14   14   13
   13   13   13   13   13   13   13   13   12   12   12   12   12   12   12   13
   13   13   13   13   13   13   13   13   13   14   14   14   14   14   14   14
   14   14   14   14   14   14   14   14   14
    85.0-180.0 180.0   5.0 450.0                            LAT/LON1/LON2/DLON/H
   15   15   15   15   15   15   15   15   15   15   15   15   15   15   16   16
   16   16   16   16   16   16   15   15   15   15   15   15   15   14   14   14
   14   14   13   13   13   13   12   12   12   12   12   12   12   12   12   12
   12   12   13   13   14   14   14   14   14   14   15   15   15   16   16   16
   15   15   15   15   15   15   15   15   15
    82.5-180.0 180.0   5.0 450.0                            LAT/LON1/LON2/DLON/H
   15   15   15   15   15   16   16   16   17   17   18   18   19   19   19   19
   18   18   18   18   17   17   17   17   17   16   16   15   15   15   15   15
   15   15   15   14   14   13   12   12   12   12   12   12   12   12   12   12
   12   13   14   15   16   16   16   16   16   16   17   17   17   17   18   17
   17   17   17   16   16   16   16   15   15
    80.0-180.0 180.0   5.0 450.0                            LAT/LON1/LON2/DLON/H
   14   14   14   14   14   15   16   18   18   20   20   21   22   22   22   23
   23   23   22   21   21   20   19   17   17   17   17   16   16   16   16   16
   16   16   16   16   15   15   15   14   13   13   12   12   12   13   13   13
   14   15   15   16   17   18   19   18   18   18   18   19   19   19   19   19
   18   17   17   16   15   15   14   14   14
    77.5-180.0 180.0   5.0 450.0                            LAT/LON1/LON2/DLON/H
   12   11   12   12   13   14   15   17   18   20   22   23   25   25   25   26
   26   25   25   23   22   21   20   19   18   18   18   17   17   17   18   18
   18   18   18   17   17   16   15   15   14   13   13   13   13   14   14   14
   15   15   16   17   18   19   20   20   19   20   19   19   19   19   19   18
   17   16   15   14   13   13   12   12   12
    75.0-180.0 180.0   5.0 450.0                            LAT/LON1/LON2/DLON/H
   10   10   10   11   11   12   14   16   19   21   23   26   28   30   31   31
   31   29   28   26   26   25   22   20   19   18   18   19   19   18   18   18
   19   19   18   18   17   16   15   14   14   13   13   13   13   13   14   14
   15   15   16   17   18   19   19   19   19   19   19   18   18   18   17   16
   15   14   13   12   12   11   10   10   10
    72.5-180.0 180.0   5.0 450.0                            LAT/LON1/LON2/DLON/H
   10   10   10   10   11   12   15   17   20   23   26   29   31   34   35   36
   36   35   32   31   29   27   25   22   19   18   17   18   18   19   18   18
   19   19   18   17   16   15   15   14   13   13   12   12   12   13   13   14
   15   16   16   17   17   18   18   18   17   17   17   17   17   16   16   15
   14   13   12   11   10   10   10   10   10
    70.0-180.0 180.0   5.0 450.0                            LAT/LON1/LON2/DLON/H
   11   11   12   12   14   15   17   19   22   26   30   33   36   38   40   40
   40   39   37   35   32   29   26   24   20   17   16   17   17   17   17   17
   17   17   16   15   14   14   13   12   12   11   11   11   11   12   13   14
   15   15   17   17   17   17   17   17   17   17   17   17   17   16   16   15
   15   14   12   12   11   12   12   11   11
    67.5-180.0 180.0   5.0 450.0                            LAT/LON1/LON2/DLON/H
   16   17   17   18   18   20   21   24   27   31   34   38   40   42   44   44
   44   42   41   39   35   31   28   25   22   18   17   17   16   15   16   15
   15   15   14   13   12   11   11   10   10   10   10   11   11   12   13   14
   15   16   17   18   18   18   18   18   17   18   18   18   19   19   18   18
   18   17   16   15   15   15   15   16   16
    65.0-180.0 180.0   5.0 450.0                            LAT/LON1/LON2/DLON/H
   22   24   24   25   26   27   28   30   33   36   39   42   44   47   48   48
   48   47   45   43   39   35   31   27   24   21   18   17   16   14   14   15
   14   13   12   11   10   10   10   10   10   10   10   11   12   13   15   15
   16   17   19   19   19   20   20   20   20   19   20   21   22   22   22   21
   21   22   20   20   19   20   20   22   22
    62.5-180.0 180.0   5.0 450.0                            LAT/LON1/LON2/DLON/H
   30   31   32   34   35   35   37   38   40   42   44   47   49   50   51   52
   52   51   49   47   43   39   36   31   27   24   20   18   17   15   14   14
   13   12   12   11   10   10   10   10   11   12   13   14   16   16   18   18
   19   21   21   21   21   22   22   22   23   23   23   24   25   26   26   26
   25   26   25   24   24   25   26   28   30
    60.0-180.0 180.0   5.0 450.0                            LAT/LON1/LON2/DLON/H
   37   39   42   43   44   45   46   46   47   48   50   51   53   54   55   56
   56   55   54   51   48   44   40   36   32   28   24   22   20   18   16   16
   14   13   12   12   11   12   12   13   14   15   17   19   19   21   22   22
   22   24   25   24   24   25   25   25   25   26   28   28   30   31   32   32
   32   32   30   29   28   29   31   33   37
    57.5-180.0 180.0   5.0 450.0                            LAT/LON1/LON2/DLON/H
   42   46   49   51   53   53   54   55   55   55   55   56   57   58   58   59
   59   59   58   55   53   48   45   41   37   33   30   27   25   22   20   19
   17   16   16   15   15   15   15   17   19   21   23   24   25   26   26   26
   27   28   29   29   29   29   29   29   30   31   33   34   35   37   38   39
   38   37   35   33   32   33   35   38   42
    55.0-180.0 180.0   5.0 450.0                            LAT/LON1/LON2/DLON/H
   45   50   54   58   60   60   61   61   62   62   61   62   62   61   62   63
   64   64   62   60   57   53   49   46   43   40   36   33   30   28   25   23
   22   21   21   20   20   20   20   22   24   27   29   31   31   32   32   32
   32   33   34   35   34   35   34   34   35   37   38   39   41   42   42   42
   42   40   37   35   33   34   36   40   45
    52.5-180.0 180.0   5.0 450.0                            LAT/LON1/LON2/DLON/H
   46   51   57   62   64   66   67   67   68   68   68   67   66   66   66   66
   67   68   67   65   62   58   55   52   49   47   43   41   37   34   31   29
   27   26   27   26   26   25   26   28   30   33   35   37   38   38   38   38
   38   39   40   41   41   40   40   40   40   41   43   43   45   44   44   43
   43   41   38   35   34   34   36   40   46
    50.0-180.0 180.0   5.0 450.0                            LAT/LON1/LON2/DLON/H
   46   52   59   64   68   70   72   73   74   74   74   73   72   70   70   71
   72   72   71   69   66   64   61   59   57   54   52   49   45   41   37   35
   32   33   33   33   33   33   33   34   37   40   42   43   43   43   43   43
   43   44   45   46   46   45   45   44   44   45   46   46   47   45   44   42
   41   40   37   35   33   33   35   39   46
    47.5-180.0 180.0   5.0 450.0                            LAT/LON1/LON2/DLON/H
   45   53   60   66   70   73   75   78   80   81   81   80   79   77   76   76
   76   76   76   74   73   71   70   68   66   64   61   58   54   48   43   40
   38   39   40   41   40   40   40   41   43   45   46   48   48   47   48   47
   48   48   49   50   49   49   48   47   47   48   48   48   47   45   43   41
   39   37   35   33   32   32   34   39   45
    45.0-180.0 180.0   5.0 450.0                            LAT/LON1/LON2/DLON/H
   45   52   60   66   72   75   78   82   86   88   89   88   87   84   82   81
   81   82   81   82   81   81   80   79   77   75   72   68   63   55   49   46
   44   46   48   49   49   47   47   47   48   49   50   51   51   51   51   51
   52   53   53   54   53   51   51   50   49   49   49   49   47   45   42   40
   38   36   34   32   32   32   35   39   45
    42.5-180.0 180.0   5.0 450.0                            LAT/LON1/LON2/DLON/H
   47   53   61   67   72   77   81   85   90   93   96   96   95   92   89   87
   86   87   88   90   91   92   92   91   89   87   83   77   70   62   56   52
   51   52   55   56   56   54   53   52   52   53   53   53   53   53   54   54
   55   56   57   56   55   54   53   52   50   50   50   49   48   45   43   40
   38   36   34   33   32   33   37   41   47
    40.0-180.0 180.0   5.0 450.0                            LAT/LON1/LON2/DLON/H
   49   55   61   67   72   77   83   88   93   99  102  104  103  100   97   93
   92   93   95   98  101  103  103  103  101   98   92   84   77   70   64   60
   58   59   61   62   62   60   58   56   56   55   55   55   55   55   56   57
   57   57   57   56   55   54   53   51   51   50   51   49   48   45   43   41
   39   37   35   34   35   37   41   45   49
    37.5-180.0 180.0   5.0 450.0                            LAT/LON1/LON2/DLON/H
   54   58   62   67   71   77   83   89   96  102  108  110  110  108  104  100
   97   98  101  105  110  113  114  114  111  106  100   92   85   77   71   66
   65   65   67   68   67   65   62   60   59   59   58   57   56   56   57   57
   57   56   55   54   54   52   51   51   51   51   51   50   49   47   44   42
   41   39   37   36   38   42   46   50   54
    35.0-180.0 180.0   5.0 450.0                            LAT/LON1/LON2/DLON/H
   60   62   65   67   71   76   82   89   97  105  112  115  116  114  111  107
  104  104  107  112  118  123  125  124  119  113  106   99   91   83   76   72
   70   70   71   72   71   69   66   64   62   61   60   59   57   57   57   57
   56   54   53   51   51   50   50   50   50   52   53   53   51   50   47   45
   44   42   40   39   41   46   52   57   60
    32.5-180.0 180.0   5.0 450.0                            LAT/LON1/LON2/DLON/H
   66   67   67   68   71   75   81   88   96  106  114  119  121  120  117  113
  110  109  111  117  124  130  132  131  125  118  112  104   96   88   81   77
   75   75   75   75   74   71   68   65   64   62   61   59   58   58   57   56
   55   52   50   49   49   49   49   50   51   52   54   54   54   52   50   48
   47   45   43   42   45   51   58   63   66
    30.0-180.0 180.0   5.0 450.0                            LAT/LON1/LON2/DLON/H
   72   72   72   71   72   76   81   87   96  106  114  120  124  124  122  119
  116  114  116  120  127  133  136  134  128  122  115  108  100   92   86   83
   80   79   79   77   75   71   68   66   64   63   61   60   58   57   56   56
   53   50   48   47   47   48   49   49   51   53   54   55   55   54   53   51
   49   46   44   44   48   55   63   69   72
    27.5-180.0 180.0   5.0 450.0                            LAT/LON1/LON2/DLON/H
   77   78   77   75   75   78   82   87   95  104  112  119  125  126  125  123
  120  119  120  125  131  136  137  136  130  124  118  112  104   97   92   88
   85   83   81   78   74   70   67   65   64   63   62   60   58   57   56   55
   52   48   46   46   46   46   47   48   50   52   54   55   54   54   54   52
   50   46   44   45   49   58   67   74   77
    25.0-180.0 180.0   5.0 450.0                            LAT/LON1/LON2/DLON/H
   82   83   83   81   81   82   86   89   95  103  111  119  125  127  128  126
  124  124  125  131  135  138  140  139  135  130  124  119  112  104   98   93
   89   85   81   77   72   68   65   63   63   62   60   59   57   56   56   53
   51   47   45   45   45   45   45   46   48   50   52   53   53   53   52   51
   49   46   44   44   49   59   70   77   82
    22.5-180.0 180.0   5.0 450.0                            LAT/LON1/LON2/DLON/H
   85   88   89   89   90   91   93   94   97  104  111  119  125  128  129  128
  128  129  132  135  139  142  143  145  143  139  133  128  119  110  103   97
   92   87   82   76   70   66   63   62   61   61   59   56   55   55   55   53
   51   47   45   44   44   45   45   45   46   47   49   50   50   50   50   48
   46   44   42   44   50   60   71   80   85
    20.0-180.0 180.0   5.0 450.0                            LAT/LON1/LON2/DLON/H
   89   93   95   97   99  101  103  103  104  109  115  122  127  131  131  130
  132  135  138  141  144  147  150  153  154  152  146  139  129  119  110  102
   95   89   82   76   70   65   63   61   60   58   56   53   52   52   53   52
   51   47   45   45   45   45   45   45   45   45   46   46   47   46   46   46
   44   41   40   43   51   62   73   82   89
    17.5-180.0 180.0   5.0 450.0                            LAT/LON1/LON2/DLON/H
   93   98  102  106  109  111  113  113  115  117  122  129  134  136  137  137
  138  142  145  148  151  154  158  164  168  168  162  153  142  130  119  108
  100   93   85   79   72   67   63   61   59   57   53   50   48   48   48   49
   49   48   46   46   46   46   46   45   44   44   44   43   43   43   43   43
   41   39   39   44   52   63   75   85   93
    15.0-180.0 180.0   5.0 450.0                            LAT/LON1/LON2/DLON/H
   97  104  110  115  119  122  124  127  128  129  133  139  144  147  146  147
  147  151  154  156  159  162  170  178  184  185  177  167  155  142  129  117
  107   98   90   83   76   70   66   63   60   56   52   47   44   43   44   45
   47   48   48   48   48   47   46   45   44   44   43   42   41   40   40   40
   40   39   40   45   56   67   78   89   97
    12.5-180.0 180.0   5.0 450.0                            LAT/LON1/LON2/DLON/H
  104  112  118  125  129  133  136  140  143  143  146  152  158  162  161  161
  160  163  165  167  170  174  183  193  201  201  191  179  167  153  139  125
  114  103   93   86   79   74   70   66   62   58   52   45   42   40   40   42
   45   46   48   48   48   48   47   45   44   44   43   41   39   38   38   38
   38   38   41   49   61   73   84   95  104
    10.0-180.0 180.0   5.0 450.0                            LAT/LON1/LON2/DLON/H
  113  122  129  135  140  144  147  152  156  157  161  168  174  180  179  178
  176  178  179  180  182  187  198  208  215  212  203  188  174  161  147  132
  119  107   96   89   83   79   74   70   66   60   53   46   41   38   38   40
   43   46   48   48   48   48   47   45   45   44   43   41   39   37   37   37
   37   38   43   53   65   77   89  102  113
     7.5-180.0 180.0   5.0 450.0                            LAT/LON1/LON2/DLON/H
  121  131  138  143  148  153  154  160  165  168  173  181  189  197  198  196
  194  194  193  193  195  201  211  221  226  220  208  194  180  167  152  138
  124  111  100   92   88   83   78   74   70   64   56   49   43   39   38   40
   44   47   48   48   48   48   47   47   46   46   44   43   41   39   38   37
   36   38   45   56   68   81   94  108  121
     5.0-180.0 180.0   5.0 450.0                            LAT/LON1/LON2/DLON/H
  127  138  145  150  154  157  160  164  170  174  181  190  202  211  215  211
  209  208  206  207  208  214  224  232  231  222  209  197  186  173  158  143
  128  115  103   96   92   88   84   79   74   68   62   55   49   46   45   46
   49   51   51   50   50   49   48   49   49   49   48   46   44   42   40   38
   37   39   46   58   70   83   97  112  127
     2.5-180.0 180.0   5.0 450.0                            LAT/LON1/LON2/DLON/H
  129  142  150  155  158  161  163  166  171  176  184  195  208  220  226  225
  222  219  217  219  221  225  233  240  236  224  211  200  189  178  163  147
  132  118  108  100   96   92   88   83   79   74   69   64   59   57   57   58
   59   59   56   53   51   51   51   51   52   52   52   50   47   45   43   40
   39   41   48   59   71   84   99  113  129
